767983
921014
981045
779328
696465
10584
284172
923093
557955
208295
744064
670330
977422
267047
532795
865852
180157
769217
116464
873744
138650
117787
215291
533903
607437
23926
708809
760922
988157
777608
506232
651829
390928
878746
446933
977444
634036
948498
766048
458316
881664
961381
316843
960992
412511
143207
88180
709359
454081
731965
345351
328202
438607
857450
802560
867966
941015
805299
355573
162473
916465
417136
817114
978658
73552
395597
293324
926932
375620
319241
871873
749739
525680
417873
122319
683577
947510
691472
129892
411323
536647
623639
930472
87868
202818
381732
825322
904083
250036
665410
437121
355360
109419
657286
895436
266823
769040
196519
210408
565228
22509
668115
827450
829479
420241
56967
183917
788492
764759
54869
176414
545470
558888
622515
480365
654296
886084
689600
236867
173631
455400
810833
296907
184801
699377
317567
990851
109574
712116
30784
598386
220246
449116
676856
764477
785445
5505
661179
641426
32461
569119
542920
534233
370289
704658
161562
871662
875007
344918
414610
383370
168834
748301
497129
815510
50857
532642
890308
921999
358372
346701
450885
237830
348559
678795
429528
699632
164911
400438
738550
879716
774372
617403
489681
299938
818278
832399
499384
79025
492039
542873
232206
997719
913506
671302
35807
24583
665335
417179
886853
24766
754207
202567
566810
526976
965555
997004
204757
547050
984435
970356
915792
118506
814914
439038
792164
557456
973458
109259
59582
361146
23810
105507
62606
600935
525171
479755
369070
495129
799220
415640
765938
356973
868633
944282
400941
123501
215870
645459
408703
245509
171964
53162
920435
758003
148494
793942
260867
805763
653973
74743
643737
18831
806517
563642
35580
396501
954124
199177
203317
666302
13829
902058
257122
256771
143568
640564
298531
985103
263187
44838
69758
534142
614460
244463
469620
965319
542586
899635
797545
112594
247165
862549
150682
874892
691857
127052
30829
271739
858378
391026
260524
499139
781093
118784
807149
751652
107687
939570
379851
137506
449385
976828
722743
430649
490885
107405
638303
407948
587194
430453
313518
776229
20074
49573
304235
35649
707552
341031
442623
463313
923591
899322
339220
727260
724196
581970
284650
164760
164267
905714
916781
306304
560105
776578
838957
141283
74195
304843
431733
95396
519911
555543
469813
742348
610615
508846
705051
308529
447353
72478
779894
143732
306063
8675
380548
129053
802030
849887
836537
453725
814314
536931
882531
109309
272438
259447
999951
564100
453221
769366
563996
377182
255747
588988
286948
913372
626770
244230
880414
170898
813833
286444
479839
702388
310528
200905
594431
733956
764269
797042
11260
79728
346285
349700
108203
824941
91066
792729
74722
396453
844001
765025
599092
296239
839932
989798
877417
389774
308076
893460
287866
620111
27248
192989
899977
351400
337288
358975
416374
844782
121510
337702
305041
646540
341239
387272
998344
36516
371035
411503
528370
925540
763161
706309
911994
760168
310553
466762
343497
759651
452463
103862
274400
317103
501531
726684
532686
372280
407532
85680
696753
468727
700157
665822
817824
351210
493525
906826
950999
816767
689499
346414
167602
183349
172693
137361
238690
942020
639071
451894
291959
256820
991779
883735
306154
822059
435196
608796
559614
828954
215640
671448
96532
574533
920685
523506
834322
358215
561414
108982
989065
217686
698329
723242
678748
155540
858762
58976
39175
266649
133988
958493
44516
131634
730363
621296
262429
508649
333771
115977
783969
799796
948018
428507
149356
200386
296741
289002
368679
609246
502687
453228
369947
131328
162266
299991
709691
195131
86073
305086
327306
193048
118953
561761
597397
278079
938776
825728
22649
475927
835614
797891
946623
309630
732881
38183
113964
256651
123537
913243
368019
791580
128309
822241
568712
266760
122061
193582
167966
471308
798744
124369
595157
654721
417083
513208
780331
968665
520511
25161
639543
385185
229063
857684
692315
275916
540534
701118
391280
479854
966797
411061
582516
917123
312899
230452
736590
858564
883570
609972
153676
920431
912547
613288
389392
59848
731023
199866
227457
641248
837689
734179
592488
815686
522900
518861
756680
411962
884990
80784
827956
680257
374212
329836
46065
948004
528674
111719
914433
248492
656885
562182
781967
839928
918861
150072
422477
202710
187212
141925
18106
757136
734159
285151
847921
742979
522557
873481
649671
674976
971392
431910
