356287
767983
921014
663694
891599
981045
779328
696465
949692
743434
90750
66409
10584
457171
284172
923093
557955
534919
115959
132141
584550
208295
744064
670330
543041
33132
419444
977422
499881
406394
267047
438448
532795
865852
562450
401162
180157
769217
116464
873744
138650
456850
117787
292295
12964
796059
215291
533903
607437
411715
23926
795520
708809
760922
988157
777608
506232
651829
390928
222778
878746
446933
977444
634036
948498
766048
458316
881664
654268
961381
181501
316843
720894
960992
466720
412511
143207
88180
709359
454081
731965
345351
334575
328202
148307
438607
857450
142879
778789
802560
867966
941015
805299
886604
355573
162473
509202
74780
348870
916465
417136
817114
302886
978658
386408
259121
172039
73552
970965
395597
127353
293324
926932
956740
811550
375620
319241
420518
633565
871873
749739
525680
417873
697740
442058
122319
774906
683577
947510
691472
845642
129892
411323
536647
623639
930472
145038
435780
601269
87868
202818
479877
9644
381732
825322
904083
542996
997119
736796
187380
250036
559730
665410
437121
355360
370138
848995
109419
235954
657286
462668
983631
895436
266823
595299
575694
769040
196519
900668
210408
565228
22509
668115
827450
829479
420241
56967
407658
183917
638075
788492
764759
268601
54869
176414
545470
754780
558888
343915
622515
480365
654296
886084
689600
15128
903075
236867
363769
173631
455400
810833
296907
184801
699377
317567
934147
990851
750985
650140
109574
913577
857750
712116
30784
598386
220246
449116
676856
764477
785445
5505
661179
641426
277167
32461
569119
542920
534233
973592
95592
71323
370289
704658
161562
871662
100405
875007
344918
414610
383370
8365
168834
748301
371467
497129
815510
50857
532642
890308
921999
358372
351791
346701
817794
270394
905320
450885
234705
341912
824354
237830
348559
137525
215527
678795
832528
695513
429528
375747
699632
538029
164911
400438
884109
738550
879716
774372
496165
617403
489681
958334
299938
999619
818278
832399
231556
499384
79025
492039
542873
232206
997719
913506
671302
512293
35807
796836
24583
426553
862437
665335
417179
886853
478595
415224
24766
754207
202567
566810
526976
293945
961742
965555
997004
649810
204757
547050
984435
771931
970356
915792
859320
361864
118506
566523
814914
254178
809037
722911
439038
792164
557456
718912
918079
973458
717291
109259
59582
89402
361146
23810
105507
62606
600935
525171
479755
644223
369070
495129
799220
415640
765938
2314
276731
356973
197630
868633
944282
89548
400941
992805
123501
844964
215870
645459
408703
245509
171964
53162
21681
920435
562386
758003
148494
560037
793942
766583
260867
838445
805763
653973
74743
643737
18831
89681
806517
563642
35580
396501
568128
954124
199177
330908
203317
666302
530973
13829
902058
257122
316617
256771
143568
640564
5662
696285
791059
867912
298531
848844
985103
263187
44838
69758
534142
614460
244463
490383
469620
965319
230609
542586
899635
797545
112594
843833
453224
707144
247165
862549
150682
874892
691857
127052
30829
417456
271739
858378
926735
391026
260524
697022
781980
524436
999283
380956
454162
499139
998353
927158
812220
214248
781093
118784
679761
608508
500385
807149
751652
107687
939570
379851
652988
137506
288517
955879
442855
449385
976828
722743
430649
490885
107405
927366
907917
638303
407948
587194
67974
569398
430453
910310
670595
313518
978609
776229
20074
179841
49573
304235
50645
35649
916825
19469
253149
707552
341031
797851
442623
463313
923591
899322
339220
771146
727260
724196
581970
284650
164760
891076
164267
905714
469609
916781
306304
560105
776578
838957
141283
386798
74195
304843
431733
784352
95396
850648
864739
454041
452934
519911
492549
490627
555543
469813
742348
610615
508846
705051
308529
447353
72478
779894
126748
143732
306063
948489
857843
8675
380548
180166
129053
802030
106379
849887
836537
453725
96076
814314
536931
582567
925725
882531
109309
535043
272438
679497
110033
259447
361255
999951
105066
877113
297984
469501
564100
453221
769366
999358
216157
563996
277473
377182
255747
588988
338787
778989
746257
286948
913372
280304
626770
244230
100629
880414
170898
813833
286444
479839
437522
702388
310528
200905
313883
440777
594431
733956
764269
797042
11260
79728
133741
346285
56056
349700
108203
824941
91066
792729
74722
396453
844001
765025
599092
293964
296239
839932
989798
877417
163013
389774
308076
468981
320572
856738
893460
287866
296115
620111
27248
766331
479986
192989
899977
351400
364089
337288
358975
416374
844782
121510
337702
901368
305041
646540
599358
341239
387272
998344
36516
371035
411503
236896
97527
829992
528370
925540
763161
490211
706309
832030
492357
911994
568023
751060
760168
310553
466762
343497
952999
675228
759651
433683
452463
103862
274400
317103
501531
726684
532686
372280
407532
308924
85680
696753
468727
384810
577108
700157
603653
284275
540248
665822
817824
792010
351210
493525
906826
950999
749149
816767
689499
346414
167602
272963
357234
484897
183349
259846
172693
717754
137361
871844
238690
256272
942020
639071
451894
197094
291959
256820
991779
883735
167200
306154
566584
956032
322246
120643
80151
822059
435196
608796
762621
21224
268532
559614
828954
504360
526845
581200
215640
671448
96532
574533
920685
523506
834322
336423
358215
561414
108982
989065
217686
698329
723242
678748
155540
240206
743229
264374
858762
989287
913079
58976
39175
266649
133988
958493
44516
131634
730363
67874
621296
170929
209492
262429
508649
333771
230749
284003
115977
14346
783969
389432
799796
948018
958771
428507
149356
200386
296741
289002
221302
368679
28575
609246
502687
274353
730554
987222
453228
364633
369947
995589
43981
988020
243710
131328
162266
671691
299991
709691
195131
86073
305086
327306
193048
118953
561761
597397
963920
918391
278079
382379
373833
557225
938776
825728
254175
22649
475927
835614
797891
946623
309630
997990
732881
38183
113964
256651
123537
913243
489297
368019
924174
791580
128309
512975
822241
548578
568712
526855
266760
122061
193582
167966
471308
798744
124369
650947
595157
654721
417083
513208
909325
780331
652825
968665
50507
940434
520511
25161
639543
902819
385185
666232
741029
229063
857684
692315
275916
343771
540534
501309
701118
391280
479854
40326
966797
411061
273915
582516
917123
312899
230452
736590
858564
496438
795909
521392
56546
883570
609972
153676
920431
459132
261189
912547
277521
613288
389392
511019
911198
59848
731023
199866
664878
834395
205318
227457
663788
641248
556123
74334
172571
837689
734179
592488
815686
522900
518861
892768
867132
756680
413429
411962
884990
574003
80784
827956
680257
72648
374212
329836
46065
3340
580821
948004
43426
263597
528674
215639
111719
531330
914433
248492
656885
218284
135152
276204
562182
781967
132408
361045
839928
918861
150072
572474
422477
341745
202710
187212
141925
18106
345609
757136
19585
734159
285151
847921
742979
522557
666358
873481
649671
948707
674976
971392
277348
431910
